$ 4 0.000005 10.20027730826997 50 5 50
b 307 191 546 398 0
x 374 298 487 301 4 20 Atmega328p
w 304 208 208 208 0
w 304 368 208 368 0
w 384 448 384 400 0
w 384 192 384 112 0
w 464 112 464 192 0
r 736 288 736 336 0 220
g 736 336 736 352 0
162 640 288 736 288 1 2.1024259 1 0 0 0.01
162 640 208 736 208 1 2.1024259 1 0 0 0.01
g 736 256 736 272 0
r 736 208 736 256 0 220
162 640 368 736 368 1 2.1024259 1 0 0 0.01
g 736 416 736 432 0
r 736 368 736 416 0 220
w 544 208 640 208 0
w 544 288 640 288 0
w 544 368 640 368 0
w 640 208 640 128 0
w 640 128 720 128 0
r 720 128 832 128 0 1000
b 825 98 903 194 0
w 896 112 928 112 0
w 896 144 928 144 0
w 896 176 928 176 0
w 832 176 800 176 0
g 800 176 800 192 0
w 928 112 928 32 0
g 928 176 928 192 0
x 814 89 922 92 4 24 Acoplador
w 928 144 976 144 0
t 976 144 1008 144 0 1 -11.079426429833068 0.12203413171777729 100
162 1008 32 1008 128 1 2.1024259 1 0 0 0.01
x 1025 90 1086 93 4 24 Motor
g 1008 160 1008 192 0
x 661 188 718 191 4 12 LED\sAZUL
x 660 270 728 273 4 12 LED\sVERDE
x 641 346 726 349 4 12 LED\sAMARELO
b 352 32 499 109 0
x 400 77 449 80 4 24 USB
174 128 208 160 160 0 1000 0.5792 Resistance
R 128 144 128 96 0 0 40 5 0 0 0.5
s 304 448 352 448 0 1 true
w 352 448 384 448 0
g 304 448 304 480 0
r 384 448 464 448 0 10000
R 464 448 464 416 0 0 40 5 0 0 0.5
r 128 208 128 272 0 40000
g 128 272 128 288 0
w 128 208 208 208 0
x 170 178 237 181 4 12 Temperatura
b 124 320 173 415 0
x 134 371 164 374 4 15 DHT
w 176 336 208 336 0
w 176 368 208 368 0
w 176 400 208 400 0
R 208 400 208 432 0 0 40 5 0 0 0.5
g 208 336 208 352 0
x 313 363 342 366 4 15 PC0
x 373 390 402 393 4 15 PD2
x 309 429 361 432 4 15 BOTÃO
x 313 214 342 217 4 15 PC1
x 505 213 533 216 4 15 PB3
x 507 294 535 297 4 15 PB0
x 507 371 536 374 4 15 PD3
x 445 212 486 233 4 15 PD0\\n(RXD)
x 367 212 406 233 4 15 PD1\s\\n(TXD)
w 928 32 960 32 0
w 1008 32 960 32 0
R 960 32 960 0 0 0 40 12 0 0 0.5
